1033
1035
1079
1070
1018
1014
1011
1020
923
1053
1026
1017
1050
1043
1034
1024
1007
987
945
996
1013
995
997
991
971
992
1083
967
1006
1001
1036
979
1018
1051
995
1018
1000
1008
957
1033
1035
1079
1070
1018
1014
1011
1020
923
1053
1026
1017
1050
1043
1034
1024
1007
987
945
996
1013
995
997
991
971
992
1083
967
1006
1001
1036
979
1018
1051
995
1018
1000
1008
957
1059
972
958
1018
955
938
944
994
1006
1026
1001
971
1002
958
981
1063
1017
962
976
1007
1015
944
1055
1019
1008
965
1033
1035
1079
1070
1018
1014
1011
1020
923
1053
1026
1017
1050
1043
1034
1024
1007
987
945
996
1013
995
997
991
971
992
1083
967
1006
1001
1036
979
1018
1051
995
1018
1000
1008
957
1059
972
958
1018
955
938
944
994
1006
1026
1001
971
1002
958
981
1063
1017
962
976
1007
1015
944
1055
1019
1008
965
1002
992
1076
1095
1023
1027
980
1017
1022
1038
1063
1014
974
1034
1065
1055
1057
1045
1006
971
1017
1018
1045
981
1014
1035
1016
1032
964
1021
1041
1033
995
1019
995
999
925
1001
1018
1065
999
1015
1018
1075
1052
1006
1039
1022
952
1044
955
1043
1033
992
1014
995
897
1033
1015
969
1034
921
1034
1017
1066
979
1031
1014
1105
1075
1054
987
1020
1003
990
1002
992
1076
1095
1023
1027
980
1017
1022
1038
1063
1014
974
1034
1065
1055
1057
1045
1006
971
1017
1018
1045
981
1014
1035
1016
1032
964
1021
1041
1033
995
1019
995
999
925
1001
1018
1065
999
1015
1018
1075
1052
1006
1039
1022
952
1044
955
1043
1033
992
1014
995
897
1033
1015
969
1034
921
1034
1017
1066
979
1031
1014
1105
1075
1054
987
1020
1003
990
1059
972
958
1018
955
938
944
994
1006
1026
1001
971
1002
958
981
1063
1017
962
976
1007
1015
944
1055
1019
1008
965
1002
992
1076
1095
1023
1027
980
1017
1022
1038
1063
1014
974
1034
1065
1055
1057
1045
1006
971
1017
1018
1045
981
1014
1035
1016
1032
964
1021
1041
1033
995
1019
995
999
925
1001
1018
1065
999
1015
1018
1075
1052
1006
1039
1022
952
1044
955
1043
1033
992
1014
995
897
1033
1015
969
1034
921
1034
1017
1066
979
1031
1014
1105
1075
1054
987
1020
1003
990
1033
1035
1079
1070
1018
1014
1011
1020
923
1053
1026
1017
1050
1043
1034
1024
1007
987
945
996
1013
995
997
991
971
992
1083
967
1006
1001
1036
979
1018
1051
995
1018
1000
1008
957
1059
972
958
1018
955
938
944
994
1006
1026
1001
971
1002
958
981
1063
1017
962
976
1007
1015
944
1055
1019
1008
965
1002
992
1076
1095
1023
1027
980
1017
1022
1038
1063
1014
974
1034
1065